add zero ,pilot length  = 2047.00000000 , ls order  = 50.00000000 
0.009659 
0.00706505 
0.00500575 
0.0037692 
0.00286735 
0.00238685 
0.0018061 
0.0016696 
0.0012176 
0.0010563 
0.0008779 
0.0007327 
0.0006788 
0.0006008 
0.00052795 
0.0004775 
0.000431 
0.0003748 
0.00034225 
0.00033225 
0.0002857 
0.00027405 
0.0002638 
0.00025725 
0.0002305 
0.00023945 
0.00023915 
0.00022725 
0.000209 
0.00022995 
0.00021495 
0.00021895 
0.00021495 
0.0002298 
0.0002082 
0.0002536 
0.0002485 
0.0002514 
0.00025145 
0.0002515 
0.0002518 
0.0003491 
0.0002528 
0.00024735 
0.00024325 
0.00024445 
0.00026005 
0.00028365 
