add zero ,pilot length  = 2047.00000000 , ls order  = 50.00000000 
11.24525050 
12.13231786 
12.57118932 
13.46155485 
14.37069367 
15.12407189 
15.85194246 
16.59118324 
17.54678800 
18.16843256 
19.12987281 
20.01875579 
20.83489609 
21.69345716 
22.57348202 
23.41719801 
24.26141886 
25.07964343 
26.00300643 
26.75579453 
27.72775277 
28.47919922 
29.37216730 
30.16669155 
30.96277496 
31.83038104 
32.41932334 
33.22505160 
34.17593527 
34.91974918 
36.04207094 
36.70537180 
37.36570306 
38.29042001 
39.17901646 
