add zero , 4 pam , pilot length  = 2047.00000000 , ori_rate = 2.5e+07 , ls order  = 50.00000000 
0.174278 
0.127237 
0.040967 
0.0301805 
0.020793 
0.0143215 
0.0103275 
0.0075675 
0.0054165 
0.0040875 
0.0031265 
0.0024845 
0.001757 
0.001538 
0.0012065 
0.0010895 
0.000943 
0.0007795 
0.0008045 
0.000557 
0.0005495 
0.000512 
0.000441 
0.0004485 
0.0003195 
0.000327 
0.0003325 
0.0002585 
0.0002775 
0.000173 
0.000227 
0.000209 
0.0002805 
0.0002535 
0.0002465 
0.000253 
0.0002965 
0.0002235 
0.0001935 
0.0002745 
0.000192 
0.000286 
0.000248 
0.0002085 
0.0003325 
0.0002725 
0.0003035 
0.0003285 
0.0002 
0.000302 
0.0002725 
