add zero , 4 pam , pilot length  = 2047.00000000 , ori_rate = 1.25e+07 , ls order  = 50.00000000 
0.0381563 
0.0257598 
0.018464 
0.0126392 
0.009152 
0.00658725 
0.00474 
0.00356575 
0.002668 
0.0020815 
0.0017815 
0.00146425 
0.00112975 
0.00096925 
0.00087175 
0.00079425 
0.000707 
0.00070725 
0.00062675 
0.0006415 
0.00060225 
0.00054025 
0.00052975 
0.000545 
0.00053375 
0.00059775 
0.0005335 
0.000528 
0.00051875 
0.0005745 
0.0006095 
0.00052025 
0.00054 
0.00045375 
0.00047625 
0.00047225 
0.0005985 
0.00054125 
0.00051175 
0.000548 
0.00051525 
0.00051175 
0.00056225 
0.00046425 
0.00049125 
0.00053025 
0.00054425 
0.0004735 
0.00046675 
0.0004535 
0.0004945 
