add zero , 4 pam , pilot length  = 2047.00000000 , ori_rate = 2.5e+06 , ls order  = 50.00000000 
0.0552197 
0.042974 
0.0349429 
0.0274497 
0.0233992 
0.0178215 
0.0160244 
0.0131157 
0.0109805 
0.0100315 
0.00854844 
0.00737139 
0.00729741 
0.00654435 
0.0060248 
0.00559278 
0.00538277 
0.00472724 
0.00480024 
0.00468123 
0.00461873 
0.00435422 
0.00447022 
0.00412821 
0.0039112 
0.0040087 
0.00389019 
0.00353568 
0.00340717 
0.00362118 
0.00331917 
0.00321416 
0.00326616 
0.00259813 
0.00312016 
0.00235762 
0.00251013 
0.00224011 
0.00220161 
0.00179509 
0.00146807 
0.00153008 
0.00125556 
0.00121656 
0.00125006 
0.00108955 
0.00102255 
0.000976549 
0.000867544 
0.000931047 
0.000825541 
