add zero , 2 pam , pilot length  = 2047.00000000 , ori_rate = 2.5e+07 , ls order  = 50.00000000 
8.75e-05 
8.6e-05 
0.0001195 
0.000106 
7.7e-05 
7.25e-05 
9.35e-05 
6.9e-05 
9.9e-05 
8.65e-05 
0.0001075 
8.2e-05 
0.000101 
5.9e-05 
8.65e-05 
8.4e-05 
8.9e-05 
8.1e-05 
6.25e-05 
6.4e-05 
6.9e-05 
9.45e-05 
8.4e-05 
7.65e-05 
7.45e-05 
4.95e-05 
6.55e-05 
6.3e-05 
8.25e-05 
4.45e-05 
6.55e-05 
9.5e-05 
8.05e-05 
8.05e-05 
8.05e-05 
9.5e-05 
8.75e-05 
8.5e-05 
5.25e-05 
9.25e-05 
8.65e-05 
4.65e-05 
7.7e-05 
6.1e-05 
7.85e-05 
7.6e-05 
6.45e-05 
8.9e-05 
8.5e-05 
0.0001265 
7.9e-05 
