add zero , 2 pam , pilot length  = 2047.00000000 , ori_rate = 2.5e+06 , ls order  = 50.00000000 
3.95023e-05 
3.5002e-05 
2.10012e-05 
4.30023e-05 
3.40018e-05 
2.50014e-05 
1.9001e-05 
2.25012e-05 
2.20011e-05 
2.85015e-05 
1.48007e-05 
1.59099e-05 
2.25011e-05 
2.20011e-05 
2.65013e-05 
1.37507e-05 
1.52182e-05 
1.29173e-05 
2.40012e-05 
1.80009e-05 
3.55018e-05 
9.68798e-06 
1.55007e-05 
1.54174e-05 
1.47833e-05 
2.40012e-05 
6.79279e-06 
1.48007e-05 
1.60008e-05 
1.5653e-05 
1.65008e-05 
1.85009e-05 
1.12506e-05 
2.60013e-05 
9.16713e-06 
3.65018e-05 
1.24006e-05 
2.50013e-05 
2.0001e-05 
3.20016e-05 
2.85014e-05 
4.55023e-05 
1.9001e-05 
1.47834e-05 
3.70019e-05 
4.95026e-05 
9.39442e-06 
2.50013e-05 
2.55014e-05 
4.05022e-05 
6.20032e-05 
