add zero , 4 pam , pilot length  = 2047.00000000 , ori_rate = 2.5e+07 , ls order  = 50.00000000 
5.45510959 
6.16706180 
6.93815454 
7.72732563 
8.59475882 
9.52393018 
10.35820497 
11.12123327 
12.12110813 
13.03448295 
13.70332960 
14.38169701 
15.32899079 
16.32184191 
17.20680170 
18.10738430 
18.95740819 
19.71779535 
20.46414568 
21.27750018 
22.02716993 
22.81976635 
23.75565232 
24.68902126 
25.47166997 
26.34166500 
27.05234124 
27.93772141 
28.67343341 
29.42345301 
30.43947479 
31.24995594 
31.94335457 
32.70520054 
33.46499971 
34.24173840 
35.03490432 
35.98712431 
36.98347930 
37.67010142 
38.60172011 
39.21875139 
40.05880955 
40.92591372 
41.76268430 
42.46910478 
43.40285041 
44.33675360 
45.05292368 
45.92189525 
46.70362394 
