add zero , 4 pam , pilot length  = 2047.00000000 , ori_rate = 1.25e+07 , ls order  = 50.00000000 
6.19927278 
7.05453512 
7.79665066 
8.69574676 
9.50746189 
10.40211226 
11.25380603 
12.08707014 
12.92205707 
13.78871123 
14.51049910 
15.15778322 
16.08768040 
16.89176676 
17.78998798 
18.57964629 
19.46937371 
20.26311748 
21.17872860 
22.00434750 
22.86400150 
23.78521425 
24.60564696 
25.34305259 
26.04576641 
27.05775314 
27.73595706 
28.51940554 
29.31981813 
30.28623750 
31.14866829 
31.81410929 
32.72914539 
33.45115738 
34.36275249 
35.35285299 
36.19011828 
36.75860966 
37.60399635 
38.65365998 
39.58018246 
40.30953415 
41.21100495 
41.82004910 
42.74808370 
43.67064921 
44.52216781 
45.43120727 
46.06424515 
47.09138444 
47.87727575 
