add zero , 4 pam , pilot length  = 2047.00000000 , ori_rate = 2.5e+06 , ls order  = 50.00000000 
6.10103227 
6.92633983 
7.74388634 
8.56154824 
9.39687231 
10.23003852 
11.14702353 
11.88982971 
12.75661604 
13.41413048 
14.21649999 
15.22973129 
15.82297145 
16.70448510 
17.51450075 
18.43225735 
19.20850745 
20.20263754 
21.11411205 
21.82039015 
22.64551794 
23.67953047 
24.58402877 
25.20413382 
26.05209776 
26.71000190 
27.80953708 
28.56127918 
29.34640488 
30.21204537 
31.02021059 
31.87310059 
32.58178761 
33.51414383 
34.47522208 
35.36735511 
36.03594935 
36.86725463 
37.80217396 
38.63151419 
39.32251567 
40.00081162 
40.96246514 
41.71549390 
42.67340721 
43.41317132 
44.23598712 
45.16698450 
46.16247110 
46.80928206 
47.63873144 
