add zero , 2 pam , pilot length  = 2047.00000000 , ori_rate = 2.5e+07 , ls order  = 50.00000000 
5.60295214 
6.27586167 
7.29505864 
8.26126582 
8.94408167 
9.90787425 
10.71059092 
11.50770929 
12.29629835 
13.16084865 
13.95793499 
14.90957647 
15.67811842 
16.32063048 
17.13726605 
17.96150235 
18.64980178 
19.67666572 
20.49380767 
21.37317780 
22.06853863 
22.73055147 
23.69925659 
24.71262941 
25.50337675 
26.19815294 
27.16712241 
27.81272441 
28.79522982 
29.59477823 
30.32801886 
31.10878675 
31.92063697 
32.75302874 
33.70249826 
34.43239298 
35.29232517 
36.03432931 
36.76941214 
37.63975112 
38.36542734 
39.35683935 
40.24191004 
40.94898407 
41.91834247 
42.77131839 
43.57188078 
44.41011053 
45.23162541 
46.05163368 
46.83156097 
