add zero , 2 pam , pilot length  = 2047.00000000 , ori_rate = 2.5e+06 , ls order  = 50.00000000 
6.31566522 
7.04856509 
7.89811657 
8.80046956 
9.59167050 
10.46936698 
11.22927537 
12.03550519 
12.88373534 
13.65158477 
14.44576281 
15.44042955 
16.16215891 
17.08875146 
17.78947120 
18.64346936 
19.36995552 
20.07290883 
21.02299487 
21.80857722 
22.42905172 
23.30083685 
24.19937774 
25.07038724 
25.85621914 
26.68569348 
27.71384447 
28.57442667 
29.22723699 
30.25076089 
31.00628515 
31.72730810 
32.66668134 
33.45594075 
34.18876969 
34.93526750 
35.95441265 
36.76574643 
37.66486177 
38.48149504 
39.11964791 
39.94229795 
40.89696400 
41.66997746 
42.56208617 
43.33622574 
44.14056612 
45.21032909 
46.15512550 
46.94705358 
47.57215509 
