 4pam ,add zero ,pilot length  = 2047 , zero length  = 3000 , data length  = 10000 , bw = 2.5e+07 
0.0938062 
0.0414417 
0.019917 
0.0136954 
0.0073286 
0.0051736 
0.0036942 
0.0027608 
0.0021889 
0.001708 
0.0014128 
0.001205 
0.0009387 
0.0007869 
0.0007371 
0.0005285 
0.0004764 
0.0004082 
0.0003429 
0.0002994 
0.0002848 
0.0002198 
0.0001845 
0.0001716 
0.0001598 
0.0001237 
0.0001293 
0.0001137 
0.0001081 
0.0001089 
7.41e-05 
7.48e-05 
0.0001036 
8.28e-05 
7.9e-05 
0.000101 
7.39e-05 
8.59e-05 
9.03e-05 
7.98e-05 
8.47e-05 
8.14e-05 
8.84e-05 
9.53e-05 
8.61e-05 
7.28e-05 
9.37e-05 
8.92e-05 
7.93e-05 
7.8e-05 
