 4pam ,add zero ,pilot length  = 2047 , zero length  = 3000 , data length  = 10000 , bw = 2.5e+07 
8.27686930 
9.23548187 
10.15489596 
10.84323989 
11.77687522 
12.51829890 
13.47179845 
14.31515726 
14.99021515 
15.63058032 
16.59069658 
17.29858810 
18.03938659 
19.05486729 
19.98885560 
20.90374504 
21.54748570 
22.46240619 
23.26962581 
24.20384677 
25.00301469 
25.72900433 
26.59270367 
27.45672856 
28.21962707 
29.14844335 
29.85708274 
30.63411499 
31.71641797 
32.38726866 
33.17026662 
34.00078663 
34.88245151 
35.86524943 
36.63060548 
37.36678945 
38.17558518 
38.81933875 
39.68649342 
40.60997678 
41.46609057 
42.37218050 
43.12627117 
43.89083727 
44.71387965 
45.45060569 
46.22107518 
47.00930930 
47.73759556 
48.52292276 
